#Partitions = 2
1 0
2 0
3 1
4 0
5 0
6 0
7 1
8 0
9 0
10 1
11 0
12 0
13 0
14 0
15 0
16 1
17 1
18 1
19 0
20 0
21 0
22 0
23 1
24 0
25 0
26 1
27 1
28 1
29 1
30 1
31 0
32 0
33 0
34 0
35 1
36 1
37 0
38 0
39 1
40 0
41 1
42 0
43 0
44 0
45 0
46 1
47 1
48 1
49 1
50 1
51 1
52 0
53 1
54 1
55 1
56 0
57 0
58 0
59 1
60 1
61 0
62 0
63 0
64 0
65 1
66 1
67 1
68 1
69 1
70 1
71 1
72 0
73 1
74 0
75 1
76 1
77 1
78 1
79 0
80 0
81 0
82 0
83 1
84 1
85 1
86 0
87 1
88 1
89 0
90 0
91 0
92 0
93 1
94 1
95 1
96 1
97 1
98 0
99 0
100 0
101 0
102 1
103 0
104 0
105 1
106 0
107 1
108 1
109 1
110 0
111 1
112 0
113 0
114 0
115 0
116 0
117 0
118 0
119 0
120 1
121 1
122 1
123 1
124 1
125 0
126 1
127 1
128 1
129 0
130 1
131 1
132 1
133 0
134 0
135 0
136 0
137 1
138 0
139 1
140 1
141 0
142 0
143 1
144 1
145 1
146 0
147 1
148 0
149 0
150 0
151 0
152 0
153 1
154 1
155 1
156 1
157 1
158 1
159 1
160 1
161 0
162 0
163 1
164 0
165 0
166 0
167 1
168 0
169 0
170 0
171 1
172 1
173 0
174 1
175 0
176 0
177 0
178 1
179 1
180 1
181 1
182 1
183 1
184 0
185 0
186 1
187 1
188 1
189 0
190 0
191 1
192 1
193 1
194 1
195 1
196 1
197 1
198 0
199 1
200 1
201 1
202 1
203 1
204 0
205 1
206 1
207 1
208 1
209 0
210 0
211 1
212 0
213 1
214 0
215 1
216 0
217 1
218 1
219 1
220 0
221 0
222 0
223 0
224 1
225 0
226 0
227 1
228 0
229 1
230 0
231 0
232 0
233 0
234 0
235 1
236 1
237 0
238 1
239 1
240 0
241 0
242 1
243 0
244 0
245 0
246 0
247 0
248 0
249 0
250 0
251 0
252 0
253 0
254 1
255 1
256 1
257 1
258 1
259 1
260 1
261 0
262 1
263 1
264 0
265 1
266 1
267 1
268 1
269 1
270 1
271 0
272 0
273 1
274 1
275 0
276 1
277 0
278 0
279 1
280 1
281 1
282 0
283 0
284 0
285 0
286 0
287 0
288 0
289 0
290 0
291 1
292 0
293 0
294 0
295 1
296 1
297 1
298 0
299 0
300 0
301 0
302 0
303 1
304 0
305 1
306 1
307 0
308 1
309 0
310 1
311 0
312 1
313 0
314 1
315 0
316 0
317 1
318 1
319 1
320 0
321 0
322 0
323 0
324 1
325 0
326 0
327 0
328 1
329 1
330 1
331 1
332 0
333 1
334 1
335 1
336 1
337 1
338 1
339 1
340 0
341 0
342 1
343 0
344 0
345 0
346 0
347 0
348 0
349 1
350 0
351 1
352 0
353 1
354 1
355 0
356 0
357 1
358 1
359 1
360 1
361 1
362 0
363 1
364 1
365 1
366 0
367 1
368 1
369 1
370 0
371 1
372 1
373 0
374 1
375 1
376 0
377 0
378 1
379 1
380 1
381 1
382 1
383 0
384 0
385 0
386 1
387 1
388 1
389 0
390 0
391 0
392 1
393 1
394 0
395 0
396 0
397 0
398 1
399 1
400 1
401 1
402 1
403 1
404 1
405 1
406 0
407 1
408 0
409 0
410 0
411 0
412 1
413 1
414 1
415 0
416 1
417 1
418 0
419 1
420 1
421 1
422 0
423 1
424 1
425 0
426 0
427 1
428 0
429 0
430 1
431 1
432 1
433 1
434 1
435 1
436 1
437 1
438 0
439 1
440 1
441 1
442 1
443 1
444 0
445 1
446 0
447 0
448 1
449 1
450 1
451 0
452 0
453 1
454 1
455 0
456 1
457 1
458 0
459 1
460 0
461 0
462 0
463 0
464 0
465 1
466 1
467 0
468 0
469 1
470 1
471 0
472 0
473 0
474 1
475 0
476 1
477 0
478 0
479 0
480 1
481 1
482 1
483 0
484 0
485 0
486 1
487 0
488 0
489 1
490 0
491 0
492 1
493 1
494 1
495 1
496 1
497 1
498 1
499 0
500 1
501 0
502 0
503 0
504 1
505 0
506 1
507 0
508 0
509 0
510 1
511 1
512 0
513 1
514 0
515 0
516 1
517 0
518 1
519 0
520 0
521 1
522 0
523 0
524 1
525 0
526 1
527 0
528 0
529 0
530 1
531 0
532 0
533 0
534 0
535 1
536 1
537 0
538 1
539 0
540 1
541 0
542 0
543 1
544 1
545 1
546 1
547 0
548 0
549 1
550 1
551 0
552 1
553 0
554 1
555 0
556 0
557 0
558 0
559 0
560 1
561 1
562 1
563 1
564 1
565 0
566 1
567 0
568 0
569 0
570 1
571 1
572 0
573 1
574 1
575 1
576 1
577 0
578 1
579 1
580 0
581 1
582 0
583 1
584 1
585 1
586 0
587 0
588 1
589 1
590 1
591 0
592 0
593 0
594 0
595 0
596 0
597 0
598 1
599 1
600 0
601 1
602 1
603 1
604 1
605 1
606 1
607 1
608 1
609 0
610 1
611 1
612 1
613 1
614 1
615 1
616 1
617 0
618 0
619 0
620 1
621 0
622 0
623 1
624 0
625 0
626 1
627 1
628 1
629 0
630 0
631 0
632 0
633 1
634 1
635 1
636 0
637 1
638 1
639 1
640 1
641 1
642 1
643 0
644 1
645 1
646 0
647 0
648 1
649 1
650 0
651 0
652 1
653 0
654 0
655 1
656 1
657 0
658 0
659 1
660 1
661 1
662 0
663 1
664 1
665 1
666 1
667 1
668 0
669 0
670 0
671 1
672 0
673 0
674 1
675 1
676 0
677 1
678 0
679 0
680 1
681 0
682 0
683 0
684 1
685 1
686 1
687 1
688 1
689 0
690 1
691 0
692 0
693 0
694 0
695 1
696 0
697 1
698 0
699 0
700 1
701 1
702 0
703 0
704 0
705 0
706 0
707 0
708 0
709 0
710 1
711 0
712 0
713 0
714 0
715 0
716 1
717 1
718 0
719 1
720 1
721 0
722 1
723 0
724 1
725 1
726 0
727 0
728 1
729 1
730 1
731 0
732 0
733 0
734 1
735 1
736 0
737 1
738 0
739 1
740 1
741 0
742 1
743 0
744 1
745 1
746 1
747 0
748 1
749 0
750 1
751 1
752 0
753 1
754 1
755 1
756 0
757 1
758 0
759 0
760 0
761 0
762 0
763 0
764 0
765 0
766 0
767 1
768 1
769 0
770 1
771 1
772 0
773 0
774 0
775 1
776 0
777 0
#Partitions = 4
1 3
2 1
3 3
4 0
5 0
6 2
7 3
8 0
9 1
10 2
11 1
12 0
13 1
14 3
15 1
16 2
17 0
18 2
19 0
20 1
21 0
22 2
23 2
24 0
25 2
26 1
27 2
28 2
29 3
30 3
31 3
32 2
33 2
34 0
35 3
36 1
37 1
38 1
39 1
40 0
41 1
42 3
43 2
44 1
45 1
46 2
47 1
48 1
49 2
50 1
51 2
52 0
53 3
54 2
55 2
56 2
57 3
58 2
59 0
60 3
61 0
62 0
63 3
64 0
65 3
66 3
67 2
68 2
69 3
70 0
71 3
72 0
73 3
74 2
75 2
76 1
77 3
78 1
79 0
80 1
81 1
82 1
83 2
84 3
85 1
86 0
87 2
88 3
89 2
90 0
91 0
92 0
93 0
94 3
95 0
96 3
97 3
98 3
99 2
100 2
101 2
102 3
103 3
104 2
105 2
106 3
107 3
108 2
109 3
110 2
111 0
112 1
113 0
114 1
115 2
116 0
117 1
118 1
119 1
120 1
121 1
122 1
123 2
124 1
125 2
126 2
127 2
128 2
129 2
130 2
131 2
132 3
133 1
134 2
135 3
136 3
137 0
138 1
139 1
140 3
141 1
142 1
143 3
144 3
145 0
146 1
147 0
148 1
149 1
150 1
151 0
152 1
153 2
154 3
155 0
156 2
157 3
158 3
159 2
160 2
161 0
162 0
163 1
164 0
165 1
166 1
167 1
168 1
169 1
170 2
171 2
172 3
173 3
174 3
175 3
176 3
177 0
178 3
179 3
180 3
181 1
182 2
183 2
184 0
185 1
186 2
187 2
188 0
189 2
190 0
191 1
192 3
193 2
194 2
195 2
196 3
197 2
198 1
199 0
200 2
201 2
202 2
203 3
204 3
205 2
206 3
207 2
208 3
209 0
210 1
211 0
212 3
213 2
214 1
215 1
216 0
217 1
218 3
219 2
220 2
221 2
222 2
223 2
224 2
225 2
226 3
227 2
228 0
229 3
230 0
231 2
232 2
233 1
234 3
235 1
236 2
237 1
238 3
239 3
240 1
241 1
242 1
243 1
244 2
245 0
246 0
247 3
248 0
249 1
250 1
251 0
252 0
253 0
254 3
255 0
256 0
257 3
258 1
259 3
260 3
261 1
262 3
263 0
264 3
265 3
266 2
267 3
268 2
269 2
270 0
271 3
272 3
273 3
274 1
275 0
276 3
277 3
278 0
279 2
280 3
281 3
282 1
283 0
284 0
285 3
286 0
287 0
288 0
289 1
290 1
291 1
292 1
293 2
294 0
295 1
296 0
297 1
298 0
299 0
300 1
301 1
302 0
303 2
304 2
305 1
306 2
307 2
308 3
309 0
310 2
311 1
312 2
313 1
314 2
315 3
316 1
317 2
318 2
319 1
320 0
321 1
322 0
323 0
324 1
325 0
326 0
327 1
328 1
329 0
330 0
331 3
332 0
333 2
334 2
335 3
336 3
337 3
338 1
339 3
340 0
341 0
342 1
343 1
344 0
345 3
346 1
347 1
348 1
349 2
350 0
351 1
352 1
353 3
354 3
355 3
356 0
357 2
358 2
359 3
360 3
361 3
362 3
363 3
364 3
365 2
366 3
367 3
368 1
369 0
370 1
371 3
372 3
373 2
374 1
375 2
376 3
377 2
378 2
379 2
380 2
381 2
382 1
383 0
384 1
385 1
386 0
387 1
388 2
389 0
390 1
391 0
392 3
393 3
394 3
395 2
396 3
397 0
398 2
399 2
400 2
401 3
402 0
403 3
404 2
405 0
406 1
407 3
408 3
409 1
410 0
411 3
412 3
413 3
414 2
415 3
416 2
417 3
418 0
419 3
420 3
421 2
422 3
423 2
424 0
425 2
426 0
427 2
428 0
429 3
430 2
431 0
432 3
433 3
434 3
435 3
436 0
437 3
438 1
439 3
440 0
441 1
442 0
443 3
444 1
445 3
446 3
447 0
448 2
449 2
450 2
451 1
452 1
453 3
454 2
455 1
456 1
457 2
458 0
459 2
460 1
461 1
462 0
463 3
464 2
465 3
466 2
467 3
468 2
469 2
470 3
471 2
472 2
473 1
474 2
475 2
476 3
477 1
478 1
479 0
480 3
481 1
482 3
483 1
484 1
485 0
486 0
487 3
488 0
489 1
490 0
491 1
492 1
493 3
494 1
495 2
496 2
497 2
498 3
499 0
500 2
501 0
502 3
503 0
504 3
505 3
506 0
507 1
508 0
509 3
510 2
511 3
512 1
513 0
514 0
515 0
516 1
517 1
518 0
519 0
520 1
521 2
522 0
523 0
524 2
525 1
526 2
527 3
528 1
529 0
530 3
531 0
532 0
533 1
534 2
535 3
536 3
537 0
538 2
539 0
540 1
541 0
542 0
543 2
544 3
545 3
546 2
547 1
548 2
549 3
550 3
551 0
552 2
553 1
554 1
555 0
556 1
557 0
558 1
559 3
560 3
561 3
562 2
563 3
564 3
565 1
566 3
567 1
568 2
569 0
570 3
571 2
572 2
573 3
574 3
575 3
576 2
577 0
578 0
579 1
580 0
581 3
582 3
583 0
584 1
585 2
586 0
587 1
588 1
589 2
590 0
591 0
592 0
593 0
594 1
595 1
596 1
597 2
598 2
599 1
600 2
601 2
602 1
603 3
604 3
605 3
606 3
607 3
608 2
609 3
610 3
611 3
612 3
613 3
614 2
615 1
616 2
617 2
618 2
619 0
620 3
621 1
622 2
623 3
624 3
625 2
626 1
627 2
628 0
629 3
630 0
631 1
632 0
633 3
634 3
635 2
636 2
637 3
638 2
639 3
640 2
641 3
642 0
643 0
644 2
645 2
646 0
647 1
648 0
649 3
650 0
651 0
652 0
653 1
654 0
655 3
656 2
657 1
658 1
659 2
660 3
661 3
662 0
663 2
664 0
665 3
666 2
667 2
668 2
669 0
670 0
671 3
672 0
673 0
674 2
675 2
676 3
677 1
678 1
679 1
680 2
681 2
682 2
683 0
684 2
685 3
686 2
687 2
688 3
689 2
690 0
691 3
692 0
693 1
694 0
695 0
696 2
697 1
698 1
699 1
700 0
701 1
702 0
703 0
704 0
705 0
706 0
707 0
708 0
709 1
710 0
711 1
712 0
713 1
714 1
715 0
716 1
717 3
718 1
719 3
720 2
721 0
722 0
723 1
724 0
725 0
726 0
727 0
728 2
729 1
730 1
731 0
732 3
733 1
734 1
735 0
736 2
737 3
738 0
739 2
740 3
741 3
742 3
743 1
744 2
745 2
746 2
747 2
748 2
749 3
750 2
751 2
752 2
753 2
754 2
755 3
756 2
757 3
758 1
759 0
760 0
761 1
762 1
763 0
764 1
765 1
766 1
767 0
768 1
769 0
770 1
771 1
772 0
773 0
774 1
775 1
776 1
777 1
#Partitions = 8
1 5
2 5
3 0
4 7
5 4
6 6
7 0
8 7
9 0
10 6
11 2
12 7
13 5
14 5
15 2
16 6
17 6
18 6
19 6
20 1
21 4
22 4
23 6
24 7
25 7
26 5
27 5
28 6
29 4
30 3
31 5
32 2
33 4
34 4
35 0
36 3
37 5
38 5
39 6
40 7
41 4
42 7
43 6
44 7
45 0
46 7
47 1
48 6
49 0
50 0
51 7
52 5
53 0
54 3
55 3
56 3
57 0
58 3
59 7
60 3
61 1
62 4
63 7
64 2
65 7
66 1
67 2
68 2
69 5
70 0
71 0
72 4
73 0
74 3
75 6
76 2
77 3
78 6
79 4
80 7
81 4
82 2
83 3
84 1
85 0
86 5
87 3
88 7
89 3
90 5
91 1
92 0
93 1
94 3
95 1
96 4
97 3
98 0
99 2
100 1
101 0
102 0
103 1
104 3
105 1
106 4
107 4
108 3
109 0
110 1
111 7
112 5
113 0
114 5
115 3
116 7
117 7
118 6
119 7
120 0
121 4
122 0
123 1
124 7
125 5
126 3
127 3
128 0
129 5
130 3
131 2
132 2
133 6
134 2
135 1
136 6
137 5
138 4
139 5
140 1
141 0
142 4
143 1
144 1
145 6
146 6
147 0
148 5
149 5
150 4
151 5
152 3
153 2
154 0
155 0
156 0
157 7
158 7
159 3
160 2
161 4
162 6
163 6
164 4
165 6
166 6
167 1
168 6
169 6
170 0
171 2
172 0
173 6
174 7
175 2
176 7
177 3
178 2
179 4
180 3
181 6
182 6
183 2
184 1
185 6
186 2
187 3
188 0
189 6
190 0
191 4
192 0
193 3
194 2
195 3
196 1
197 3
198 4
199 1
200 2
201 1
202 1
203 1
204 2
205 2
206 2
207 2
208 7
209 2
210 6
211 7
212 3
213 1
214 6
215 6
216 4
217 2
218 3
219 3
220 3
221 2
222 5
223 4
224 4
225 4
226 2
227 2
228 4
229 2
230 7
231 5
232 2
233 4
234 2
235 7
236 3
237 4
238 0
239 7
240 5
241 4
242 1
243 6
244 5
245 5
246 5
247 1
248 1
249 6
250 5
251 6
252 4
253 2
254 7
255 6
256 7
257 0
258 1
259 2
260 3
261 0
262 2
263 1
264 0
265 3
266 7
267 1
268 3
269 1
270 7
271 7
272 1
273 0
274 1
275 0
276 2
277 4
278 7
279 1
280 0
281 4
282 5
283 0
284 4
285 7
286 7
287 4
288 7
289 5
290 7
291 4
292 6
293 1
294 5
295 4
296 6
297 1
298 4
299 5
300 5
301 5
302 4
303 5
304 2
305 3
306 5
307 3
308 3
309 4
310 2
311 5
312 1
313 6
314 2
315 1
316 6
317 1
318 1
319 6
320 4
321 7
322 6
323 4
324 6
325 5
326 7
327 7
328 6
329 7
330 6
331 1
332 1
333 7
334 2
335 1
336 1
337 0
338 7
339 0
340 7
341 7
342 3
343 7
344 7
345 3
346 7
347 6
348 7
349 3
350 6
351 4
352 0
353 1
354 0
355 0
356 4
357 6
358 1
359 2
360 6
361 2
362 3
363 1
364 1
365 3
366 6
367 7
368 4
369 6
370 5
371 0
372 0
373 2
374 7
375 1
376 2
377 4
378 1
379 3
380 0
381 2
382 7
383 6
384 7
385 7
386 6
387 6
388 1
389 5
390 5
391 5
392 4
393 6
394 6
395 4
396 7
397 4
398 0
399 4
400 2
401 1
402 6
403 0
404 1
405 7
406 6
407 3
408 0
409 6
410 0
411 7
412 0
413 3
414 3
415 6
416 2
417 1
418 0
419 3
420 2
421 1
422 1
423 7
424 7
425 3
426 7
427 2
428 5
429 0
430 0
431 1
432 0
433 3
434 0
435 0
436 0
437 0
438 5
439 1
440 0
441 6
442 7
443 2
444 6
445 2
446 5
447 1
448 1
449 3
450 3
451 2
452 7
453 2
454 3
455 1
456 0
457 6
458 6
459 4
460 2
461 5
462 4
463 2
464 3
465 3
466 6
467 3
468 6
469 3
470 0
471 6
472 4
473 0
474 5
475 3
476 1
477 2
478 2
479 3
480 6
481 7
482 2
483 5
484 6
485 2
486 7
487 7
488 6
489 6
490 4
491 6
492 2
493 2
494 5
495 3
496 3
497 1
498 0
499 4
500 1
501 7
502 4
503 4
504 0
505 4
506 0
507 5
508 5
509 4
510 1
511 0
512 4
513 7
514 6
515 0
516 2
517 6
518 0
519 5
520 6
521 1
522 3
523 5
524 2
525 3
526 2
527 0
528 7
529 7
530 7
531 7
532 4
533 5
534 6
535 1
536 1
537 5
538 0
539 4
540 4
541 5
542 5
543 3
544 2
545 0
546 4
547 7
548 3
549 0
550 0
551 5
552 6
553 4
554 5
555 7
556 5
557 5
558 7
559 4
560 6
561 3
562 1
563 3
564 0
565 6
566 2
567 5
568 2
569 4
570 3
571 2
572 4
573 4
574 0
575 1
576 0
577 4
578 4
579 0
580 0
581 4
582 3
583 7
584 3
585 7
586 2
587 2
588 2
589 3
590 2
591 4
592 4
593 7
594 5
595 5
596 5
597 4
598 3
599 5
600 5
601 2
602 1
603 1
604 3
605 2
606 3
607 3
608 3
609 5
610 3
611 4
612 0
613 7
614 1
615 6
616 2
617 3
618 4
619 4
620 1
621 4
622 1
623 6
624 2
625 6
626 4
627 1
628 2
629 0
630 4
631 5
632 0
633 3
634 3
635 6
636 3
637 3
638 6
639 3
640 3
641 0
642 3
643 2
644 6
645 3
646 3
647 7
648 0
649 2
650 5
651 7
652 0
653 6
654 5
655 1
656 2
657 7
658 5
659 4
660 1
661 1
662 1
663 3
664 1
665 1
666 3
667 3
668 4
669 4
670 5
671 2
672 0
673 3
674 0
675 1
676 1
677 0
678 3
679 6
680 1
681 5
682 6
683 3
684 3
685 1
686 0
687 6
688 3
689 1
690 0
691 0
692 5
693 5
694 5
695 2
696 6
697 3
698 5
699 7
700 5
701 4
702 1
703 7
704 7
705 5
706 7
707 0
708 5
709 5
710 5
711 6
712 6
713 4
714 5
715 4
716 6
717 7
718 2
719 1
720 0
721 7
722 4
723 2
724 5
725 2
726 7
727 4
728 2
729 7
730 2
731 5
732 3
733 4
734 1
735 5
736 5
737 0
738 1
739 1
740 2
741 2
742 0
743 5
744 2
745 2
746 2
747 1
748 0
749 3
750 1
751 2
752 0
753 2
754 1
755 1
756 1
757 3
758 4
759 7
760 5
761 6
762 6
763 5
764 4
765 6
766 4
767 0
768 1
769 5
770 6
771 1
772 6
773 6
774 5
775 7
776 6
777 7
#Partitions = 16
1 0
2 2
3 12
4 4
5 7
6 13
7 5
8 1
9 4
10 13
11 11
12 7
13 4
14 6
15 3
16 8
17 3
18 9
19 7
20 4
21 7
22 12
23 9
24 7
25 4
26 15
27 0
28 10
29 9
30 10
31 13
32 5
33 0
34 5
35 8
36 12
37 13
38 2
39 10
40 4
41 9
42 4
43 6
44 5
45 7
46 9
47 13
48 8
49 12
50 7
51 10
52 11
53 12
54 10
55 9
56 11
57 12
58 12
59 10
60 9
61 8
62 7
63 4
64 6
65 5
66 0
67 8
68 7
69 13
70 5
71 4
72 4
73 5
74 11
75 0
76 12
77 13
78 0
79 5
80 12
81 4
82 2
83 13
84 13
85 15
86 7
87 11
88 11
89 8
90 6
91 7
92 13
93 6
94 13
95 9
96 11
97 12
98 14
99 10
100 11
101 12
102 10
103 11
104 15
105 10
106 5
107 13
108 10
109 13
110 14
111 5
112 3
113 5
114 2
115 14
116 3
117 1
118 4
119 4
120 7
121 4
122 2
123 11
124 5
125 0
126 10
127 10
128 8
129 11
130 9
131 9
132 0
133 8
134 0
135 14
136 1
137 4
138 0
139 4
140 4
141 3
142 2
143 7
144 6
145 5
146 2
147 0
148 1
149 3
150 11
151 0
152 2
153 5
154 14
155 4
156 13
157 4
158 4
159 6
160 13
161 2
162 1
163 4
164 1
165 2
166 1
167 7
168 2
169 3
170 11
171 15
172 4
173 12
174 9
175 10
176 4
177 13
178 10
179 6
180 13
181 12
182 9
183 11
184 12
185 11
186 14
187 10
188 5
189 12
190 4
191 1
192 5
193 13
194 15
195 10
196 14
197 14
198 1
199 3
200 9
201 10
202 9
203 1
204 8
205 8
206 9
207 15
208 9
209 1
210 12
211 7
212 11
213 13
214 6
215 12
216 2
217 7
218 8
219 10
220 11
221 10
222 10
223 10
224 14
225 13
226 15
227 15
228 2
229 5
230 4
231 8
232 11
233 13
234 12
235 7
236 6
237 13
238 9
239 3
240 1
241 14
242 3
243 4
244 8
245 3
246 1
247 6
248 6
249 12
250 3
251 0
252 3
253 0
254 5
255 0
256 3
257 9
258 13
259 10
260 15
261 14
262 15
263 13
264 13
265 11
266 10
267 9
268 13
269 5
270 7
271 15
272 12
273 15
274 9
275 4
276 11
277 9
278 0
279 11
280 3
281 5
282 1
283 3
284 1
285 6
286 4
287 0
288 5
289 2
290 3
291 2
292 13
293 7
294 0
295 12
296 3
297 6
298 5
299 3
300 2
301 1
302 1
303 12
304 9
305 8
306 8
307 10
308 10
309 3
310 15
311 3
312 9
313 7
314 9
315 14
316 12
317 8
318 12
319 2
320 2
321 2
322 6
323 6
324 1
325 6
326 0
327 4
328 5
329 9
330 4
331 13
332 0
333 15
334 1
335 13
336 7
337 13
338 7
339 10
340 6
341 2
342 9
343 3
344 1
345 15
346 5
347 3
348 11
349 11
350 3
351 6
352 14
353 15
354 5
355 5
356 7
357 14
358 15
359 15
360 8
361 14
362 7
363 9
364 11
365 11
366 9
367 4
368 9
369 7
370 1
371 15
372 5
373 10
374 12
375 5
376 9
377 8
378 8
379 9
380 8
381 10
382 11
383 6
384 9
385 4
386 7
387 1
388 14
389 4
390 4
391 1
392 2
393 11
394 11
395 15
396 2
397 3
398 9
399 12
400 12
401 10
402 15
403 10
404 13
405 4
406 6
407 14
408 6
409 3
410 5
411 3
412 9
413 15
414 8
415 6
416 11
417 15
418 5
419 9
420 13
421 11
422 14
423 4
424 4
425 10
426 6
427 14
428 1
429 14
430 13
431 6
432 6
433 15
434 14
435 5
436 3
437 3
438 2
439 6
440 7
441 2
442 6
443 14
444 13
445 5
446 12
447 5
448 15
449 10
450 12
451 0
452 4
453 15
454 14
455 11
456 8
457 9
458 3
459 8
460 10
461 1
462 0
463 14
464 8
465 13
466 12
467 11
468 11
469 13
470 14
471 5
472 9
473 8
474 7
475 12
476 5
477 3
478 15
479 7
480 10
481 4
482 13
483 5
484 6
485 15
486 2
487 6
488 7
489 6
490 4
491 1
492 6
493 0
494 6
495 7
496 9
497 15
498 5
499 3
500 8
501 4
502 3
503 2
504 5
505 5
506 15
507 1
508 2
509 11
510 11
511 10
512 0
513 5
514 13
515 7
516 6
517 7
518 14
519 2
520 3
521 10
522 14
523 0
524 14
525 1
526 11
527 3
528 6
529 6
530 9
531 2
532 9
533 1
534 14
535 10
536 12
537 6
538 8
539 3
540 7
541 2
542 2
543 8
544 10
545 14
546 13
547 1
548 12
549 15
550 14
551 12
552 8
553 1
554 14
555 3
556 1
557 2
558 5
559 8
560 8
561 8
562 13
563 10
564 10
565 6
566 7
567 14
568 14
569 5
570 13
571 15
572 13
573 12
574 12
575 11
576 2
577 3
578 0
579 9
580 2
581 2
582 3
583 0
584 10
585 0
586 7
587 8
588 7
589 11
590 12
591 3
592 2
593 6
594 1
595 1
596 2
597 8
598 10
599 8
600 7
601 13
602 15
603 0
604 8
605 15
606 9
607 1
608 11
609 15
610 12
611 10
612 4
613 3
614 11
615 6
616 13
617 0
618 6
619 5
620 15
621 7
622 11
623 0
624 12
625 7
626 15
627 13
628 12
629 15
630 6
631 6
632 7
633 15
634 9
635 10
636 11
637 8
638 9
639 10
640 11
641 15
642 14
643 3
644 7
645 9
646 1
647 4
648 14
649 7
650 1
651 6
652 3
653 8
654 14
655 1
656 1
657 1
658 14
659 14
660 2
661 4
662 0
663 10
664 15
665 1
666 11
667 11
668 15
669 7
670 5
671 0
672 9
673 15
674 12
675 7
676 10
677 12
678 14
679 7
680 12
681 7
682 15
683 12
684 6
685 9
686 10
687 13
688 13
689 14
690 5
691 4
692 0
693 1
694 0
695 0
696 8
697 12
698 1
699 7
700 6
701 2
702 2
703 6
704 2
705 1
706 0
707 9
708 0
709 8
710 3
711 1
712 2
713 11
714 0
715 3
716 8
717 14
718 3
719 8
720 5
721 3
722 7
723 14
724 2
725 2
726 6
727 2
728 15
729 0
730 9
731 1
732 14
733 14
734 5
735 0
736 8
737 8
738 11
739 8
740 13
741 0
742 8
743 1
744 14
745 11
746 11
747 15
748 15
749 10
750 12
751 14
752 8
753 14
754 11
755 13
756 4
757 14
758 7
759 2
760 6
761 2
762 13
763 14
764 0
765 0
766 9
767 4
768 0
769 6
770 12
771 8
772 0
773 0
774 1
775 1
776 8
777 1
#Partitions = 32
1 23
2 4
3 1
4 2
5 12
6 23
7 24
8 13
9 9
10 31
11 31
12 9
13 4
14 4
15 4
16 17
17 2
18 16
19 2
20 13
21 9
22 29
23 25
24 2
25 20
26 8
27 20
28 27
29 29
30 11
31 27
32 9
33 8
34 18
35 8
36 5
37 0
38 12
39 17
40 17
41 15
42 24
43 20
44 4
45 10
46 25
47 24
48 13
49 27
50 20
51 25
52 5
53 26
54 18
55 28
56 21
57 27
58 28
59 24
60 28
61 29
62 1
63 12
64 11
65 19
66 9
67 17
68 1
69 18
70 24
71 9
72 9
73 15
74 29
75 28
76 10
77 20
78 10
79 4
80 9
81 9
82 22
83 24
84 1
85 18
86 22
87 19
88 19
89 24
90 10
91 17
92 28
93 8
94 1
95 18
96 28
97 9
98 26
99 17
100 29
101 25
102 29
103 18
104 16
105 28
106 8
107 7
108 31
109 21
110 21
111 0
112 2
113 11
114 18
115 1
116 8
117 0
118 4
119 14
120 0
121 20
122 4
123 27
124 7
125 12
126 26
127 25
128 25
129 11
130 29
131 13
132 1
133 4
134 23
135 29
136 10
137 17
138 18
139 1
140 6
141 8
142 4
143 17
144 5
145 28
146 12
147 9
148 3
149 5
150 4
151 26
152 5
153 7
154 18
155 13
156 27
157 6
158 14
159 13
160 18
161 23
162 16
163 22
164 12
165 14
166 0
167 15
168 2
169 5
170 25
171 19
172 10
173 22
174 29
175 18
176 14
177 19
178 19
179 0
180 19
181 21
182 1
183 21
184 18
185 24
186 27
187 16
188 12
189 10
190 8
191 9
192 22
193 27
194 19
195 27
196 21
197 31
198 4
199 19
200 22
201 26
202 15
203 1
204 31
205 7
206 19
207 17
208 5
209 15
210 11
211 9
212 17
213 2
214 12
215 2
216 6
217 1
218 3
219 31
220 28
221 30
222 26
223 21
224 25
225 20
226 1
227 19
228 8
229 18
230 0
231 26
232 22
233 22
234 25
235 22
236 14
237 18
238 21
239 28
240 5
241 21
242 3
243 13
244 26
245 12
246 7
247 0
248 13
249 24
250 8
251 1
252 9
253 15
254 30
255 22
256 3
257 27
258 7
259 20
260 6
261 29
262 23
263 12
264 20
265 22
266 18
267 5
268 7
269 27
270 12
271 15
272 7
273 29
274 29
275 23
276 17
277 24
278 2
279 16
280 19
281 22
282 23
283 6
284 4
285 4
286 11
287 7
288 6
289 14
290 18
291 1
292 19
293 22
294 4
295 17
296 6
297 13
298 10
299 5
300 13
301 2
302 0
303 26
304 10
305 21
306 24
307 26
308 14
309 2
310 31
311 17
312 30
313 11
314 15
315 11
316 6
317 16
318 17
319 8
320 7
321 12
322 11
323 13
324 5
325 8
326 4
327 11
328 23
329 5
330 13
331 15
332 23
333 21
334 7
335 11
336 17
337 8
338 2
339 26
340 14
341 14
342 28
343 3
344 9
345 29
346 10
347 22
348 15
349 20
350 4
351 15
352 14
353 24
354 19
355 11
356 6
357 27
358 25
359 23
360 28
361 6
362 20
363 21
364 3
365 21
366 20
367 18
368 16
369 15
370 6
371 30
372 3
373 30
374 24
375 21
376 23
377 31
378 29
379 17
380 25
381 18
382 1
383 0
384 0
385 11
386 19
387 21
388 20
389 3
390 6
391 10
392 13
393 16
394 27
395 25
396 3
397 2
398 1
399 16
400 31
401 22
402 22
403 29
404 7
405 11
406 13
407 19
408 10
409 23
410 10
411 23
412 30
413 29
414 30
415 5
416 22
417 18
418 21
419 22
420 19
421 12
422 14
423 23
424 7
425 9
426 21
427 15
428 5
429 11
430 22
431 16
432 12
433 28
434 2
435 9
436 16
437 8
438 4
439 11
440 4
441 12
442 8
443 1
444 18
445 15
446 24
447 12
448 20
449 25
450 24
451 18
452 13
453 29
454 26
455 7
456 21
457 30
458 3
459 30
460 20
461 7
462 12
463 28
464 31
465 24
466 15
467 25
468 25
469 26
470 26
471 20
472 17
473 19
474 21
475 27
476 14
477 22
478 16
479 5
480 31
481 6
482 22
483 14
484 13
485 13
486 15
487 10
488 3
489 3
490 8
491 12
492 17
493 16
494 19
495 7
496 28
497 30
498 4
499 11
500 20
501 15
502 3
503 6
504 11
505 0
506 10
507 2
508 3
509 14
510 23
511 29
512 14
513 22
514 22
515 16
516 19
517 19
518 1
519 2
520 6
521 25
522 27
523 4
524 31
525 5
526 29
527 10
528 13
529 1
530 30
531 3
532 0
533 2
534 20
535 16
536 23
537 10
538 26
539 15
540 31
541 10
542 3
543 30
544 17
545 6
546 15
547 7
548 6
549 13
550 11
551 31
552 28
553 13
554 28
555 12
556 3
557 2
558 14
559 31
560 31
561 31
562 24
563 17
564 25
565 10
566 20
567 6
568 25
569 9
570 30
571 31
572 24
573 9
574 22
575 26
576 22
577 15
578 1
579 26
580 0
581 15
582 23
583 15
584 16
585 10
586 1
587 24
588 12
589 27
590 20
591 14
592 5
593 20
594 7
595 29
596 14
597 31
598 25
599 21
600 20
601 21
602 20
603 16
604 29
605 14
606 29
607 26
608 31
609 21
610 30
611 20
612 26
613 0
614 25
615 1
616 17
617 27
618 12
619 23
620 26
621 10
622 30
623 30
624 1
625 23
626 5
627 24
628 28
629 7
630 9
631 5
632 12
633 24
634 26
635 30
636 26
637 17
638 17
639 21
640 25
641 31
642 18
643 7
644 7
645 14
646 27
647 12
648 21
649 6
650 13
651 3
652 13
653 29
654 24
655 14
656 3
657 7
658 23
659 14
660 4
661 9
662 8
663 27
664 14
665 5
666 25
667 26
668 16
669 6
670 6
671 7
672 27
673 31
674 29
675 19
676 28
677 27
678 16
679 10
680 23
681 30
682 30
683 25
684 31
685 27
686 20
687 27
688 29
689 23
690 4
691 11
692 15
693 0
694 3
695 2
696 17
697 18
698 2
699 7
700 27
701 9
702 8
703 8
704 9
705 6
706 3
707 28
708 2
709 5
710 2
711 0
712 5
713 6
714 0
715 0
716 23
717 8
718 8
719 28
720 11
721 14
722 0
723 8
724 1
725 18
726 15
727 0
728 19
729 9
730 16
731 10
732 1
733 3
734 28
735 16
736 30
737 7
738 12
739 24
740 28
741 27
742 23
743 28
744 30
745 30
746 26
747 30
748 31
749 24
750 23
751 16
752 26
753 31
754 28
755 25
756 16
757 21
758 24
759 4
760 5
761 10
762 14
763 30
764 9
765 0
766 30
767 16
768 8
769 0
770 16
771 3
772 13
773 11
774 2
775 15
776 10
777 11
#Partitions = 64
1 32
2 3
3 50
4 12
5 2
6 38
7 12
8 24
9 0
10 58
11 10
12 5
13 11
14 11
15 5
16 3
17 31
18 34
19 41
20 31
21 41
22 43
23 55
24 27
25 24
26 0
27 53
28 57
29 30
30 46
31 58
32 2
33 58
34 2
35 56
36 42
37 2
38 0
39 9
40 10
41 28
42 29
43 16
44 26
45 8
46 54
47 34
48 16
49 13
50 34
51 46
52 0
53 55
54 47
55 38
56 56
57 55
58 28
59 50
60 54
61 48
62 41
63 4
64 32
65 47
66 2
67 56
68 38
69 35
70 18
71 11
72 8
73 24
74 62
75 28
76 46
77 15
78 36
79 4
80 49
81 25
82 53
83 50
84 30
85 38
86 38
87 12
88 38
89 21
90 10
91 0
92 32
93 2
94 55
95 54
96 62
97 55
98 60
99 52
100 55
101 62
102 58
103 13
104 43
105 47
106 11
107 52
108 55
109 9
110 28
111 0
112 2
113 0
114 10
115 54
116 0
117 4
118 31
119 24
120 24
121 63
122 53
123 54
124 12
125 28
126 2
127 36
128 50
129 56
130 1
131 26
132 40
133 1
134 62
135 46
136 12
137 42
138 6
139 4
140 62
141 40
142 22
143 6
144 24
145 41
146 41
147 27
148 31
149 17
150 2
151 43
152 5
153 60
154 35
155 8
156 10
157 26
158 24
159 47
160 8
161 52
162 31
163 37
164 34
165 58
166 13
167 53
168 6
169 43
170 42
171 42
172 16
173 42
174 62
175 62
176 31
177 45
178 61
179 37
180 32
181 3
182 26
183 55
184 27
185 3
186 27
187 50
188 16
189 18
190 5
191 10
192 3
193 24
194 25
195 50
196 16
197 18
198 43
199 5
200 9
201 53
202 62
203 8
204 61
205 40
206 57
207 26
208 53
209 6
210 28
211 47
212 62
213 32
214 2
215 58
216 9
217 15
218 48
219 56
220 54
221 40
222 40
223 2
224 49
225 58
226 40
227 46
228 31
229 61
230 24
231 60
232 35
233 46
234 46
235 15
236 49
237 26
238 45
239 11
240 25
241 35
242 18
243 2
244 48
245 36
246 43
247 28
248 28
249 26
250 21
251 18
252 11
253 41
254 29
255 41
256 16
257 25
258 11
259 4
260 1
261 46
262 33
263 48
264 36
265 50
266 37
267 50
268 30
269 32
270 47
271 44
272 40
273 62
274 48
275 48
276 32
277 60
278 42
279 60
280 28
281 12
282 29
283 16
284 27
285 6
286 10
287 20
288 16
289 41
290 47
291 20
292 58
293 40
294 34
295 45
296 16
297 33
298 49
299 13
300 0
301 24
302 31
303 45
304 42
305 15
306 0
307 14
308 52
309 6
310 54
311 46
312 44
313 31
314 3
315 25
316 11
317 9
318 21
319 58
320 27
321 29
322 20
323 36
324 15
325 47
326 15
327 20
328 30
329 20
330 12
331 32
332 46
333 14
334 20
335 52
336 0
337 11
338 27
339 29
340 34
341 13
342 48
343 27
344 47
345 52
346 4
347 17
348 21
349 63
350 9
351 60
352 9
353 27
354 4
355 43
356 41
357 56
358 34
359 58
360 56
361 52
362 0
363 35
364 40
365 45
366 57
367 49
368 4
369 5
370 5
371 32
372 6
373 56
374 37
375 34
376 61
377 15
378 61
379 61
380 30
381 29
382 18
383 57
384 40
385 47
386 13
387 16
388 35
389 1
390 35
391 52
392 48
393 52
394 44
395 45
396 60
397 60
398 37
399 21
400 9
401 63
402 57
403 56
404 34
405 61
406 5
407 32
408 3
409 8
410 17
411 5
412 29
413 13
414 3
415 20
416 17
417 25
418 43
419 16
420 9
421 49
422 49
423 11
424 11
425 6
426 20
427 15
428 8
429 18
430 35
431 17
432 34
433 49
434 3
435 17
436 62
437 43
438 25
439 33
440 60
441 33
442 60
443 44
444 14
445 14
446 35
447 43
448 56
449 8
450 30
451 52
452 52
453 33
454 44
455 53
456 35
457 22
458 13
459 32
460 44
461 25
462 44
463 61
464 57
465 54
466 37
467 54
468 20
469 37
470 55
471 38
472 63
473 32
474 37
475 55
476 9
477 37
478 63
479 37
480 30
481 13
482 44
483 12
484 47
485 37
486 63
487 56
488 31
489 57
490 22
491 13
492 21
493 63
494 63
495 15
496 60
497 1
498 17
499 10
500 1
501 1
502 34
503 36
504 18
505 12
506 6
507 17
508 4
509 22
510 57
511 63
512 8
513 14
514 32
515 46
516 63
517 40
518 48
519 54
520 31
521 56
522 52
523 4
524 47
525 40
526 55
527 18
528 8
529 17
530 27
531 49
532 27
533 28
534 45
535 22
536 38
537 55
538 33
539 17
540 14
541 5
542 16
543 50
544 1
545 27
546 42
547 14
548 45
549 3
550 20
551 52
552 33
553 1
554 30
555 20
556 25
557 43
558 28
559 60
560 22
561 45
562 61
563 58
564 14
565 49
566 36
567 57
568 30
569 16
570 46
571 35
572 35
573 18
574 4
575 38
576 36
577 22
578 32
579 33
580 48
581 48
582 33
583 38
584 22
585 57
586 24
587 45
588 24
589 21
590 36
591 12
592 26
593 11
594 3
595 42
596 25
597 50
598 8
599 14
600 34
601 54
602 31
603 53
604 61
605 53
606 15
607 52
608 2
609 62
610 4
611 50
612 55
613 41
614 42
615 29
616 47
617 9
618 43
619 5
620 25
621 20
622 53
623 13
624 47
625 21
626 21
627 53
628 57
629 37
630 6
631 29
632 41
633 17
634 60
635 53
636 33
637 33
638 49
639 21
640 46
641 6
642 21
643 6
644 61
645 1
646 21
647 12
648 26
649 26
650 10
651 8
652 44
653 34
654 10
655 17
656 36
657 18
658 33
659 30
660 60
661 20
662 13
663 13
664 26
665 22
666 37
667 54
668 42
669 25
670 29
671 50
672 57
673 22
674 53
675 44
676 21
677 21
678 49
679 20
680 13
681 37
682 14
683 30
684 48
685 22
686 1
687 61
688 35
689 30
690 26
691 9
692 41
693 17
694 11
695 3
696 18
697 57
698 1
699 57
700 14
701 15
702 31
703 58
704 10
705 26
706 9
707 53
708 5
709 14
710 61
711 44
712 29
713 33
714 10
715 49
716 38
717 36
718 27
719 15
720 5
721 24
722 4
723 3
724 49
725 27
726 29
727 41
728 38
729 29
730 63
731 15
732 56
733 42
734 38
735 30
736 15
737 45
738 43
739 63
740 25
741 44
742 9
743 18
744 44
745 28
746 45
747 54
748 40
749 62
750 40
751 50
752 54
753 58
754 48
755 10
756 22
757 1
758 8
759 17
760 1
761 29
762 14
763 63
764 8
765 25
766 63
767 45
768 42
769 22
770 36
771 36
772 6
773 28
774 0
775 61
776 12
777 12
#Partitions = 128
1 55
2 64
3 64
4 85
5 69
6 84
7 69
8 69
9 69
10 69
11 84
12 110
13 18
14 84
15 84
16 38
17 18
18 101
19 18
20 84
21 64
22 64
23 84
24 110
25 101
26 85
27 106
28 112
29 112
30 48
31 84
32 85
33 117
34 112
35 117
36 110
37 84
38 18
39 110
40 48
41 117
42 64
43 84
44 69
45 112
46 106
47 85
48 69
49 101
50 106
51 110
52 106
53 84
54 112
55 69
56 112
57 69
58 48
59 55
60 112
61 112
62 110
63 69
64 112
65 38
66 85
67 112
68 112
69 85
70 101
71 18
72 48
73 18
74 110
75 117
76 106
77 55
78 106
79 101
80 38
81 18
82 84
83 112
84 101
85 117
86 85
87 117
88 84
89 64
90 101
91 85
92 110
93 85
94 69
95 112
96 101
97 84
98 110
99 64
100 110
101 101
102 48
103 64
104 48
105 48
106 101
107 64
108 85
109 101
110 110
111 112
112 110
113 117
114 38
115 110
116 38
117 48
118 48
119 48
120 117
121 48
122 85
123 84
124 38
125 117
126 55
127 38
128 64
129 55
130 38
131 48
132 117
133 64
134 85
135 64
136 85
137 117
138 106
139 101
140 85
141 110
142 69
143 69
144 112
145 64
146 110
147 64
148 110
149 38
150 101
151 84
152 64
153 85
154 112
155 85
156 117
157 106
158 117
159 117
160 48
161 69
162 85
163 117
164 48
165 117
166 117
167 112
168 18
169 84
170 48
171 112
172 18
173 69
174 106
175 101
176 101
177 64
178 69
179 48
180 110
181 64
182 64
183 69
184 110
185 64
186 106
187 48
188 64
189 84
190 18
191 110
192 18
193 112
194 48
195 106
196 38
197 69
198 18
199 18
200 18
201 84
202 106
203 112
204 84
205 38
206 117
207 110
208 69
209 69
210 85
211 48
212 69
213 110
214 112
215 117
216 48
217 117
218 38
219 38
220 69
221 38
222 117
223 55
224 117
225 112
226 117
227 117
228 69
229 48
230 106
231 48
232 55
233 85
234 55
235 117
236 64
237 38
238 55
239 18
240 110
241 55
242 69
243 38
244 69
245 101
246 38
247 106
248 106
249 18
250 106
251 64
252 18
253 18
254 84
255 110
256 110
257 101
258 110
259 38
260 38
261 69
262 85
263 106
264 112
265 112
266 55
267 117
268 101
269 55
270 85
271 112
272 64
273 112
274 55
275 101
276 112
277 38
278 18
279 101
280 84
281 101
282 84
283 101
284 106
285 48
286 38
287 38
288 110
289 110
290 69
291 117
292 69
293 48
294 101
295 106
296 112
297 117
298 110
299 117
300 48
301 48
302 101
303 84
304 69
305 69
306 48
307 69
308 84
309 85
310 112
311 69
312 64
313 18
314 64
315 18
316 84
317 101
318 69
319 55
320 106
321 38
322 55
323 106
324 48
325 38
326 112
327 38
328 106
329 18
330 117
331 117
332 69
333 117
334 106
335 117
336 117
337 101
338 110
339 101
340 69
341 110
342 55
343 106
344 84
345 64
346 106
347 101
348 85
349 48
350 48
351 69
352 64
353 106
354 48
355 64
356 64
357 106
358 64
359 38
360 85
361 55
362 84
363 101
364 112
365 117
366 117
367 18
368 18
369 64
370 84
371 110
372 69
373 48
374 55
375 85
376 64
377 69
378 64
379 38
380 101
381 101
382 117
383 106
384 85
385 106
386 117
387 117
388 85
389 69
390 110
391 101
392 85
393 38
394 48
395 84
396 106
397 85
398 55
399 69
400 112
401 112
402 55
403 64
404 84
405 106
406 18
407 48
408 64
409 110
410 18
411 48
412 18
413 38
414 48
415 18
416 38
417 106
418 18
419 101
420 48
421 18
422 110
423 110
424 110
425 69
426 85
427 84
428 101
429 18
430 101
431 69
432 85
433 101
434 64
435 101
436 85
437 18
438 101
439 38
440 117
441 106
442 85
443 38
444 48
445 69
446 112
447 18
448 117
449 112
450 48
451 55
452 69
453 84
454 55
455 106
456 69
457 84
458 112
459 85
460 48
461 110
462 48
463 64
464 112
465 112
466 69
467 101
468 106
469 38
470 84
471 84
472 38
473 84
474 117
475 48
476 18
477 85
478 84
479 84
480 69
481 101
482 55
483 112
484 85
485 112
486 112
487 117
488 85
489 84
490 106
491 64
492 84
493 85
494 112
495 101
496 112
497 101
498 106
499 106
500 38
501 38
502 18
503 110
504 64
505 106
506 48
507 18
508 101
509 106
510 55
511 55
512 18
513 117
514 84
515 85
516 101
517 48
518 117
519 110
520 117
521 55
522 69
523 101
524 117
525 110
526 112
527 64
528 110
529 64
530 84
531 64
532 18
533 18
534 106
535 64
536 101
537 106
538 112
539 38
540 112
541 69
542 18
543 48
544 84
545 18
546 101
547 55
548 64
549 48
550 18
551 101
552 55
553 112
554 64
555 18
556 69
557 18
558 85
559 55
560 55
561 84
562 48
563 55
564 64
565 110
566 69
567 112
568 55
569 18
570 55
571 106
572 84
573 18
574 101
575 55
576 85
577 85
578 85
579 55
580 117
581 117
582 112
583 85
584 55
585 48
586 106
587 55
588 101
589 117
590 69
591 85
592 85
593 18
594 18
595 84
596 18
597 106
598 101
599 69
600 38
601 38
602 85
603 84
604 38
605 112
606 84
607 55
608 112
609 84
610 55
611 106
612 38
613 110
614 18
615 84
616 101
617 48
618 84
619 84
620 106
621 64
622 48
623 55
624 84
625 38
626 84
627 55
628 48
629 55
630 38
631 48
632 110
633 55
634 84
635 84
636 55
637 69
638 55
639 64
640 55
641 106
642 69
643 112
644 117
645 64
646 55
647 112
648 112
649 85
650 106
651 18
652 38
653 106
654 64
655 64
656 117
657 38
658 85
659 85
660 48
661 38
662 38
663 69
664 106
665 55
666 106
667 69
668 38
669 101
670 18
671 85
672 55
673 55
674 48
675 106
676 38
677 85
678 101
679 112
680 110
681 112
682 106
683 55
684 55
685 84
686 38
687 110
688 38
689 38
690 85
691 64
692 110
693 101
694 110
695 110
696 48
697 18
698 18
699 38
700 69
701 38
702 101
703 110
704 38
705 64
706 110
707 69
708 64
709 117
710 85
711 38
712 18
713 85
714 110
715 38
716 110
717 117
718 110
719 106
720 64
721 38
722 110
723 110
724 110
725 64
726 18
727 64
728 64
729 85
730 55
731 112
732 55
733 106
734 101
735 106
736 110
737 85
738 18
739 101
740 101
741 106
742 84
743 106
744 117
745 55
746 112
747 55
748 110
749 55
750 84
751 55
752 55
753 48
754 38
755 48
756 117
757 106
758 85
759 48
760 101
761 84
762 85
763 64
764 18
765 18
766 112
767 64
768 112
769 48
770 117
771 117
772 18
773 69
774 48
775 85
776 38
777 117
#Partitions = 256
1 87
2 215
3 215
4 15
5 15
6 255
7 87
8 15
9 243
10 243
11 39
12 83
13 83
14 39
15 83
16 39
17 83
18 255
19 83
20 239
21 39
22 83
23 239
24 243
25 39
26 83
27 243
28 31
29 255
30 239
31 83
32 255
33 83
34 243
35 83
36 215
37 243
38 215
39 39
40 15
41 239
42 83
43 39
44 15
45 87
46 255
47 31
48 83
49 243
50 15
51 255
52 15
53 239
54 83
55 215
56 255
57 243
58 255
59 243
60 239
61 31
62 83
63 87
64 255
65 87
66 87
67 239
68 255
69 255
70 87
71 243
72 15
73 243
74 83
75 239
76 255
77 239
78 243
79 87
80 15
81 15
82 239
83 83
84 239
85 87
86 239
87 215
88 83
89 215
90 243
91 15
92 215
93 39
94 83
95 255
96 239
97 39
98 255
99 255
100 215
101 83
102 239
103 15
104 83
105 243
106 243
107 215
108 39
109 243
110 239
111 39
112 87
113 15
114 87
115 239
116 87
117 87
118 87
119 87
120 243
121 15
122 87
123 243
124 215
125 239
126 255
127 31
128 39
129 239
130 255
131 255
132 255
133 239
134 239
135 239
136 215
137 215
138 87
139 15
140 239
141 83
142 87
143 239
144 39
145 243
146 83
147 83
148 243
149 39
150 87
151 83
152 39
153 15
154 31
155 15
156 15
157 87
158 215
159 83
160 87
161 255
162 87
163 239
164 87
165 15
166 15
167 255
168 255
169 15
170 239
171 243
172 215
173 255
174 31
175 239
176 87
177 83
178 83
179 87
180 83
181 239
182 83
183 215
184 243
185 239
186 39
187 39
188 39
189 239
190 215
191 39
192 239
193 39
194 255
195 255
196 31
197 255
198 215
199 83
200 239
201 39
202 255
203 239
204 255
205 87
206 15
207 239
208 255
209 239
210 87
211 87
212 39
213 243
214 87
215 83
216 255
217 215
218 255
219 83
220 239
221 255
222 243
223 31
224 239
225 255
226 87
227 87
228 87
229 239
230 87
231 243
232 243
233 239
234 83
235 215
236 239
237 15
238 255
239 215
240 243
241 239
242 15
243 15
244 239
245 87
246 87
247 87
248 87
249 39
250 31
251 39
252 243
253 215
254 39
255 215
256 83
257 215
258 39
259 215
260 39
261 31
262 87
263 15
264 39
265 255
266 83
267 243
268 15
269 255
270 243
271 15
272 243
273 83
274 239
275 87
276 255
277 31
278 243
279 83
280 31
281 255
282 215
283 15
284 15
285 15
286 15
287 87
288 15
289 215
290 255
291 39
292 83
293 239
294 255
295 215
296 39
297 243
298 215
299 243
300 15
301 15
302 255
303 255
304 15
305 243
306 215
307 39
308 243
309 15
310 15
311 87
312 83
313 39
314 15
315 39
316 39
317 83
318 239
319 87
320 15
321 15
322 243
323 87
324 215
325 39
326 39
327 15
328 215
329 15
330 239
331 39
332 15
333 255
334 243
335 255
336 83
337 215
338 215
339 215
340 87
341 87
342 239
343 239
344 215
345 243
346 87
347 243
348 83
349 215
350 39
351 87
352 39
353 215
354 243
355 243
356 243
357 243
358 15
359 243
360 83
361 239
362 83
363 83
364 87
365 215
366 15
367 39
368 83
369 39
370 243
371 239
372 15
373 255
374 31
375 215
376 239
377 31
378 243
379 31
380 31
381 255
382 239
383 243
384 39
385 15
386 239
387 87
388 239
389 39
390 87
391 15
392 39
393 31
394 39
395 31
396 239
397 39
398 83
399 255
400 31
401 31
402 239
403 39
404 239
405 39
406 39
407 39
408 215
409 39
410 215
411 215
412 215
413 215
414 239
415 239
416 255
417 39
418 243
419 215
420 39
421 83
422 83
423 243
424 215
425 243
426 31
427 255
428 215
429 87
430 87
431 239
432 239
433 31
434 15
435 15
436 31
437 39
438 255
439 87
440 243
441 87
442 255
443 39
444 239
445 83
446 83
447 15
448 31
449 31
450 31
451 255
452 39
453 31
454 83
455 31
456 239
457 31
458 15
459 31
460 31
461 239
462 15
463 31
464 31
465 31
466 239
467 31
468 243
469 31
470 31
471 243
472 31
473 83
474 31
475 31
476 39
477 39
478 83
479 83
480 239
481 215
482 255
483 243
484 15
485 239
486 31
487 15
488 243
489 39
490 239
491 239
492 83
493 15
494 83
495 243
496 31
497 39
498 87
499 15
500 215
501 15
502 215
503 15
504 15
505 87
506 87
507 15
508 239
509 31
510 31
511 31
512 255
513 215
514 39
515 255
516 87
517 243
518 87
519 239
520 243
521 87
522 255
523 15
524 243
525 215
526 39
527 39
528 39
529 39
530 215
531 83
532 39
533 15
534 83
535 83
536 39
537 87
538 83
539 15
540 255
541 15
542 31
543 39
544 255
545 215
546 39
547 215
548 255
549 39
550 215
551 239
552 31
553 87
554 39
555 255
556 87
557 15
558 87
559 31
560 31
561 255
562 83
563 243
564 239
565 87
566 83
567 15
568 31
569 243
570 39
571 255
572 255
573 215
574 215
575 255
576 239
577 15
578 87
579 243
580 39
581 239
582 15
583 15
584 39
585 255
586 239
587 243
588 15
589 31
590 243
591 39
592 15
593 215
594 215
595 83
596 243
597 39
598 31
599 83
600 239
601 83
602 31
603 31
604 31
605 31
606 31
607 31
608 83
609 215
610 215
611 215
612 215
613 39
614 243
615 239
616 255
617 83
618 83
619 215
620 39
621 39
622 31
623 31
624 83
625 31
626 243
627 243
628 255
629 31
630 15
631 15
632 83
633 31
634 31
635 31
636 31
637 31
638 239
639 87
640 31
641 87
642 243
643 87
644 31
645 239
646 239
647 87
648 239
649 87
650 87
651 255
652 215
653 255
654 243
655 215
656 255
657 83
658 215
659 31
660 87
661 87
662 87
663 39
664 215
665 83
666 31
667 255
668 83
669 243
670 87
671 83
672 215
673 31
674 31
675 31
676 31
677 255
678 255
679 15
680 255
681 31
682 31
683 215
684 31
685 243
686 255
687 215
688 255
689 87
690 15
691 255
692 243
693 243
694 83
695 243
696 239
697 215
698 87
699 87
700 15
701 31
702 87
703 87
704 15
705 255
706 83
707 39
708 243
709 87
710 31
711 15
712 15
713 215
714 15
715 87
716 255
717 215
718 243
719 215
720 39
721 215
722 243
723 83
724 83
725 215
726 83
727 83
728 87
729 243
730 239
731 243
732 39
733 255
734 255
735 239
736 215
737 31
738 39
739 255
740 39
741 239
742 215
743 239
744 83
745 31
746 255
747 83
748 239
749 31
750 255
751 215
752 83
753 243
754 31
755 215
756 31
757 39
758 15
759 15
760 15
761 215
762 215
763 243
764 243
765 255
766 83
767 83
768 15
769 87
770 243
771 83
772 255
773 87
774 15
775 31
776 243
777 215
